COSMOS 2433 (720)       
1 32275U 07052A   26187.62445233 -.00000046  00000+0  00000+0 0  9995
2 32275  65.5650 315.2799 0003185 201.3457 158.6520  2.13104455145476
COSMOS 2432 (719)       
1 32276U 07052B   26186.81204034 -.00000044  00000+0  00000+0 0  9996
2 32276  65.5816 315.4351 0007465 325.6611  74.8927  2.13103471145482
COSMOS 2434 (721)       
1 32393U 07065A   26187.27894637  .00000112  00000+0  00000+0 0  9990
2 32393  64.3195 191.2718 0001278 327.0370  17.6431  2.13101434144177
COSMOS 2436 (723)       
1 32395U 07065C   26187.74076836  .00000116  00000+0  00000+0 0  9991
2 32395  64.3281 191.3285 0017275 353.5093 117.6939  2.13100220144148
COSMOS 2456 (730)       
1 36111U 09070A   26188.26918932 -.00000021  00000+0  00000+0 0  9995
2 36111  65.0226  70.2874 0003875 336.2686 206.3509  2.13103871128855
COSMOS 2457 (733)       
1 36112U 09070B   26187.65725485 -.00000019  00000+0  00000+0 0  9994
2 36112  65.0079  70.1519 0003685 124.0619  76.3297  2.13101344128846
COSMOS 2460 (732)       
1 36402U 10007C   26188.35860000 -.00000048  00000+0  00000+0 0  9991
2 36402  65.4077 313.7844 0001890 129.7435 250.6526  2.13101922127169
COSMOS 2476 (744)       
1 37867U 11064A   26188.33096850 -.00000020  00000+0  00000+0 0  9993
2 37867  65.2807  72.1917 0022371 236.6236 261.7151  2.13103948114191
COSMOS 2477 (745)       
1 37868U 11064B   26188.15487328 -.00000020  00000+0  00000+0 0  9998
2 37868  65.2873  72.2772 0019397 237.9015 305.6247  2.13103195114185
COSMOS 2475 (743)       
1 37869U 11064C   26188.14343966 -.00000019  00000+0  00000+0 0  9995
2 37869  65.2942  72.2994 0025046 251.6498 238.1399  2.13101994114199
COSMOS 2485 (747)       
1 39155U 13019A   26188.08816391 -.00000019  00000+0  00000+0 0  9997
2 39155  65.4303  72.9368 0022942 232.1450 127.7096  2.13103480102701
COSMOS 2492 (754)       
1 39620U 14012A   26188.51628427 -.00000049  00000+0  00000+0 0  9990
2 39620  65.2849 313.2456 0010306 320.1215  39.8145  2.13103517 95674
COSMOS 2500 (755)       
1 40001U 14032A   26188.21653122 -.00000048  00000+0  00000+0 0  9993
2 40001  65.2207 313.0011 0007971 188.6383 171.3606  2.13106140 93889
COSMOS 2501 (702K)      
1 40315U 14075A   26187.54030231  .00000114  00000+0  00000+0 0  9996
2 40315  63.6180 189.7021 0022679 212.6524 147.2323  2.13101455 90266
COSMOS 2514 (751)       
1 41330U 16008A   26187.99410816 -.00000047  00000+0  00000+0 0  9998
2 41330  65.0087 312.3272 0012035 200.2262 159.7396  2.13102582 81041
COSMOS 2522 (752)       
1 42939U 17055A   26187.36252817  .00000112  00000+0  00000+0 0  9995
2 42939  64.0804 191.2316 0010922 240.7707 119.1473  2.13102015 68381
COSMOS 2527 (756)       
1 43508U 18053A   26188.26296356 -.00000019  00000+0  00000+0 0  9990
2 43508  65.5882  73.2382 0006718 232.6359 127.3649  2.13102315 62708
COSMOS 2529 (757)       
1 43687U 18086A   26187.42074304  .00000113  00000+0  00000+0 0  9992
2 43687  64.2965 191.9448 0012128 256.2465 103.6469  2.13102124 59696
COSMOS 2534 (758)       
1 44299U 19030A   26188.41866333  .00000121  00000+0  00000+0 0  9992
2 44299  64.3703 191.9350 0013567 275.0317 265.0222  2.13102315 55353
COSMOS 2544 (759)       
1 44850U 19088A   26188.20757394 -.00000019  00000+0  00000+0 0  9998
2 44850  65.5757  73.0630 0012575 256.0344 103.8880  2.13103181 51140
COSMOS 2545 (760)       
1 45358U 20018A   26188.40252837 -.00000050  00000+0  00000+0 0  9996
2 45358  64.3418 311.7088 0009121 229.7845 130.1493  2.13102794 49093
COSMOS 2547 (705K)      
1 46805U 20075A   26187.65368286  .00000115  00000+0  00000+0 0  9990
2 46805  64.6011 191.8258 0009443 239.8670 120.0683  2.13100180 44321
COSMOS 2557 (706K)      
1 52984U 22075A   26188.28712434 -.00000050  00000+0  00000+0 0  9994
2 52984  64.2858 313.7775 0010598 272.6020  87.2887  2.13102498 31147
COSMOS 2559 (707K)      
1 54031U 22130A   26187.16828881 -.00000047  00000+0  00000+0 0  9997
2 54031  64.2589 313.8996 0012939 180.0995 179.9129  2.13101697 29092
COSMOS 2564 (761)       
1 54377U 22161A   26187.94997608  .00000118  00000+0  00000+0 0  9992
2 54377  64.7434 192.0556 0012256 225.0919 134.8385  2.13102000 28054
COSMOS 2569 (703K)      
1 57517U 23114A   26187.96228891 -.00000019  00000+0  00000+0 0  9994
2 57517  65.3132  71.9538 0009958 296.3951  63.5663  2.13103728 22680
COSMOS 2584 (704K)      
1 63130U 25042A   26185.50280755 -.00000010  00000+0  00000+0 0  9990
2 63130  65.0947  72.2135 0006059 222.1818 137.8396  2.13103855 10411
COSMOS 2596 (708K)      
1 65590U 25206B   26185.11455839 -.00000045  00000+0  00000+0 0  9996
2 65590  64.6242 314.3970 0011142 309.2417 229.0730  2.13100941  6272
